0 3763.3496348614685
1 3971.1493603871604
2 4055.749565547811
3 3989.9126752295388
4 4020.096230827099
5 4020.79439119732
6 4088.897348360394
7 4083.344013381945
8 4105.29648930491
9 4079.0852165868255
10 4070.366120507111
11 4067.0439651262636
12 4060.4863161840785
13 4083.2285178455436
14 4099.080578666204
15 4089.545630195642
16 4063.2366948444355
17 4085.7980850344115
18 4076.386950022184
19 4063.5802298315616
20 4052.4243069044996
21 4036.6868854585273
22 4053.8860402632567
23 4072.398650513248
24 4045.698230543087
25 4067.843207516888
26 4025.2546928593965
27 4043.239330937594
28 4030.2973196113844
29 4039.217308858826
30 4024.530099916693
31 4054.752022209832
32 4061.443111096803
33 4045.5379014639343
34 4041.711986190129
35 4013.182314666803
36 4031.7097625156434
37 3958.417612867021
38 4041.949085839348
39 4004.2799036319025
40 4032.8949689108426
41 3996.4056348564204
42 4002.5629293743236
43 4010.01084803261
44 3931.4648215711063
45 4024.9149013428896
46 4048.65927207723
47 3994.447498912895
48 4015.0986183112145
49 3961.0775638896557
50 3927.221474584963
51 4027.124336807047
52 4071.7098714908443
53 4062.822494476956
54 4023.5064872554444
55 3978.0488259051976
56 4001.7246687723245
57 3906.4737857360224
58 3976.7114032607747
59 3988.9989296117487
60 3984.3844412145595
61 3955.017212797515
62 4000.3695439428348
63 4011.4463854049973
64 3980.8590892179527
65 4019.9559687067263
66 3973.3404048995762
67 3975.4243111992564
68 3981.022736325308
69 4022.876316327094
70 4064.6995155614563
71 4029.5830448413735
72 4013.774539078614
73 3988.7724766222173
74 3969.780132358611
75 3931.346176759644
76 4023.6779986538045
77 3802.340634701488
78 4043.6531417417386
79 3985.2662883552475
80 3978.121795328155
81 4048.229899019856
82 3984.2704647802643
83 3977.6516478160297
84 4034.3487847024085
85 4041.3948151867958
86 3958.975251236005
87 3982.7108873574057
88 3951.1453386260528
89 3999.1867361111567
90 4029.1315365716155
91 3986.21477488968
92 3991.7563484052275
93 3957.218372735487
94 3906.098389357616
95 3951.5009864570925
96 3874.4173461424325
97 3991.1618828575592
98 3993.1504442416444
99 3975.037977135339
100 3972.6511314338663
101 3933.7210034360705
102 4012.72760100174
103 3976.9657501457723
104 3986.726242614518
105 3984.204424306352
106 3993.140775592211
107 3999.6860856280996
108 4010.7319346069544
109 3981.448547797607
110 3979.6481385434477
111 4002.0285316971476
112 4019.5806220898867
113 3989.4292979963734
114 4003.361811539572
115 3952.025648056778
116 3962.7984776652484
117 3983.0726959310177
118 3955.876452816801
119 4027.513922234863
120 4030.8598207962614
121 3992.2113891452595
122 3975.950476491155
123 3973.0061044307604
124 3981.0682164913846
125 3957.349357944735
126 4045.2300979336214
127 4066.8507358429906
128 4010.6450809157004
129 4021.7400553556763
130 4035.779718867506
131 4008.399879262744
132 4032.233381597675
133 3995.9428101696512
134 4028.1037135416273
135 4004.797213724545
136 4050.032844379775
137 4018.4047716803475
138 4041.0280634850324
139 4056.740844830414
140 4042.58714815877
141 4029.1303498446523
142 4025.8191179772425
143 4028.57594829963
144 4031.121000443113
145 4031.992380925245
146 4003.5310726999455
147 4030.8386821921777
148 4062.630418153884
149 4024.3115636178895
150 4007.573645836507
151 4015.5020907722514
152 4034.8565705524147
153 4032.028705966169
154 4022.006252825145
155 4016.858574770442
156 4056.5168617879276
157 4042.1990886961435
158 4008.1242066789446
159 4007.594502836994
160 4038.3303243443097
161 4021.4738883086707
162 4015.045165185678
163 4039.140155277399
164 4051.277532893605
165 4055.1423980621084
166 4059.262652795618
167 4019.4827824462586
168 4072.500152107967
169 4047.5584369754206
170 4028.785178864062
171 4044.7589565153203
172 4019.290481070876
173 4042.4967271078776
174 4075.1191295582107
175 3990.243628340367
176 4050.403022154689
177 4046.3311948543196
178 4038.50778249576
179 4004.53241478545
180 4017.062658387398
181 4033.153458347559
182 4035.189443102137
183 4047.638700726668
184 4056.7220930023923
185 4047.9010418453886
186 4003.2467118521513
187 4032.8532443724225
188 4035.4748962449826
189 4014.6794019911754
190 4049.867204560569
191 4030.388639881877
192 4062.6228594278305
193 4015.8788900286827
194 4055.2542722342555
195 4053.526770778066
196 4062.459479728186
197 4031.700964238095
198 4057.315253187272
199 4032.605716489076
200 3987.5924863295927
201 4053.7433808086407
202 4023.6117737508207
203 4027.803389558772
204 4008.6578704162666
205 4032.2139017643335
206 4031.0029395103234
207 4020.6793282799463
208 4008.6827756704324
209 4047.2097932623897
210 4025.142178877431
211 4000.0807175618434
212 3983.8455696975
213 4003.4043576883073
214 4044.410860692236
215 4043.280108965427
216 4049.129836015805
217 4049.655339509282
218 4021.517770240332
219 4035.1083154428356
220 4065.0053902559853
221 4017.3349343913796
222 4042.1657516108435
223 4031.780011079282
224 4020.7555817588427
225 4012.1311050651593
226 4044.5245507492127
227 4042.1790468299146
228 4044.633499103934
229 4030.227188627721
230 3966.96496587555
231 4007.989033300953
232 4006.3320467161275
233 4060.1470961127225
234 4052.106570258725
235 4012.378271905885
236 4008.9750518830147
237 3995.919540363499
238 3999.142314313819
239 4038.5102861144505
240 4030.5034115732315
241 3972.3933744011756
242 4034.8632251195363
243 4031.7751116617965
244 4004.56921593549
245 4050.3057792218788
246 4018.016275772084
247 4025.5066211057087
248 3986.0879084980083
249 4023.467668952473
250 4016.214453079436
251 4004.0887114586994
252 4024.4427020231556
253 4033.5550340605264
254 4009.820948637464
255 4067.1797375555275
256 4004.4116295045164
257 4043.4897926799786
258 4012.4473781041575
259 4008.406185366502
260 4013.5636683343732
261 4049.452442752113
262 4017.442479535944
263 4043.635473521712
264 4035.8081276530306
265 4045.246722556397
266 4044.893727239463
267 4062.6677110852092
268 3997.84999850382
269 4069.0905568152657
270 4027.069002421842
271 4036.7226030077372
272 4054.121390195986
273 4042.220675067366
274 4005.8814656310806
275 4003.30237658874
276 4032.668105319352
277 4062.3940115402434
278 4041.944686567546
279 4047.8355910473733
280 4022.670082107567
281 4043.320914388908
282 4051.2225594536567
283 3983.7687999698574
284 4043.5821632426764
285 4024.9372966436345
286 4030.6660968773263
287 4041.9962004872464
288 4042.6646402616707
289 4015.722065982524
290 4025.7204322529847
291 4017.2770032955445
292 4027.611484788027
293 4038.5201227976027
294 4020.1001773660687
295 4007.3201278154907
296 4039.713492087104
297 3997.380951962967
298 4042.101243090978
299 4043.1368441779896
300 4054.615903788729
301 4049.9406637709817
302 4015.691766774974
303 4037.731193719378
304 4012.5427534103233
305 4083.9699489782793
306 4083.326900078819
307 4029.3696416914563
308 4059.517344372225
309 4050.0870179045473
310 4040.3348436922297
311 3977.9700092210483
312 4081.3067560207814
313 4060.0132239374016
314 4062.5709729357673
315 4099.407150181188
316 4046.1205820554896
317 4030.7206450322606
318 4040.946906883953
319 4062.630845186983
320 4023.2892917186105
321 4061.8953498379665
322 4079.119444004817
323 4037.5221389623866
324 4032.8860679130635
325 4038.8809365239817
326 4054.2566994210147
327 4122.159321123249
328 4012.678290413021
329 4040.982885865673
330 4015.1138580155894
331 4036.483853692838
332 4043.6191113215823
333 4093.34377413074
334 4039.306572147529
335 4039.933699314259
336 4101.892097694421
337 4055.8217419858925
338 4020.2502925165686
339 4062.9215244575303
340 4080.867593252274
341 4017.7145248175816
342 4049.6310767541827
343 4075.4852165241928
344 4079.5372525518533
345 4033.0944100133916
346 4037.3504129493163
347 4059.1008618714955
348 4067.531986076109
349 4043.120482049498
350 4120.126649439313
351 4042.683096668317
352 4016.2563903143287
353 4045.6945195441053
354 4033.6666437699255
355 4069.4666503087888
356 4078.5453957324744
357 4035.004776115563
358 4044.3437990552748
359 4026.5023086971887
360 4111.168328048504
361 4037.647785079616
362 4055.268915467387
363 4020.6275785408825
364 4058.693983299702
365 4105.643550221319
366 4096.234369771503
367 4109.413353364221
368 4049.3477019419815
369 4109.717019045185
370 4105.567937414354
371 4111.842518813881
372 4085.2499164629135
373 4071.666998689557
374 4107.691074037224
375 4102.8173959262185
376 4092.1651249815045
377 4097.318769696591
378 4045.0638340197115
379 4088.608993568321
380 4076.614889408365
381 4042.5882405785915
382 4076.7382441450845
383 4109.801203716802
384 4111.431380736727
385 4069.5039543255116
386 4047.132221604913
387 4104.106763171206
388 4091.5204035327097
389 4082.506739927311
390 4040.608527527344
391 4026.290121626876
392 4071.411254177182
393 4107.8206061449755
394 4112.5339891541
395 4069.9090318062345
396 4085.606447767235
397 4125.192164407674
398 4111.860376939976
399 4047.3119329292854
400 4060.6074981816764
401 4078.135568564588
402 4116.244373462715
403 4110.12350367755
404 4123.347691893567
405 4108.934145183361
406 4116.547332662033
407 4103.618333100098
408 4109.10806457168
409 4112.665200083887
410 4135.91100112114
411 4104.013661337284
412 4101.255633174047
413 4093.8904409607294
414 4050.0199505198825
415 4130.492869054204
416 4111.399479065181
417 4113.371017229126
418 4121.9479948007265
419 4109.256136732941
420 4132.508553566965
421 4105.963887548683
422 4109.708383153054
423 4055.533052346997
424 4078.139503390976
425 4099.440671593835
426 4097.428210480548
427 4033.226570828398
428 4108.859873555839
429 4089.1049289631737
430 4099.336787579296
431 4100.9408726221745
432 4135.090272905464
433 4085.109351903363
434 4115.215104938159
435 4099.562817947561
436 4100.3513181688595
437 4108.1269894861625
438 4100.21565120448
439 4097.511148352872
440 4106.516580010592
441 4126.195049868515
442 4055.216493382901
443 4052.531920639617
444 4082.563558600999
445 4096.813707778358
446 4105.959848962675
447 4121.0199257751
448 4121.948336439669
449 4113.408603228945
450 4120.127931564064
451 4111.332509656611
452 4122.670981817877
453 4099.756281800965
454 4084.7158782240995
455 4102.729829649299
456 4097.2965471139805
457 4081.8139200611995
458 4063.878196612981
459 4112.388958906829
460 4148.483252922994
461 4130.459992987069
462 4080.6545742917992
463 4111.874049242546
464 4103.766033541035
465 4076.5035260442105
466 4094.2111207000316
467 4110.948029155903
468 4127.177617937951
469 4083.2986102180053
470 4071.142725372378
471 4137.5845813052765
472 4122.339955006051
473 4114.041380278216
474 4127.040020874944
475 4101.566829966258
476 4115.582119161479
477 4101.879023348348
478 4102.913291556994
479 4081.4972553446405
480 4069.730811984406
481 4091.6636121286547
482 4111.59339048996
483 4111.477345736886
484 4074.5648803221984
485 4105.682154378904
486 4097.415571303036
487 4083.2977721413545
488 4087.0193713438352
489 4108.460331081047
490 4089.5947749615043
491 4103.347377136448
492 4093.3402052400206
493 4096.951455986762
494 4094.059231933324
495 4098.479432416037
496 4122.837687127767
497 4066.4312376562903
498 4084.223595420992
499 4139.186484841648
500 4128.799294616907
501 4126.67958036006
502 4137.788902337757
503 4110.188208297474
504 4094.738295439088
505 4129.608947774922
506 4117.002312403698
507 4057.1085843625965
508 4112.751592220827
509 4088.8862125993983
510 4111.346710262518
511 4097.959706435151
512 4107.630470449685
513 4095.9069486927133
514 4056.275896907083
515 4083.1740350428627
516 4099.879172305877
517 4110.6514093673795
518 4118.056129772016
519 4123.6539559453395
520 4130.715472029785
521 4062.589272982453
522 4101.73136934656
523 4077.620802116701
524 4086.5207188458453
525 4077.768880080101
526 4102.446492611338
527 4120.514154034354
528 4107.648678787952
529 4094.2090499900455
530 4087.64966355548
531 4107.429510191922
532 4095.1390491297598
533 4103.72518291053
534 4087.2455459713697
535 4101.541092480854
536 4097.225464326274
537 4100.535909040119
538 4103.175295361687
539 4107.478902817863
540 4103.500398426333
541 4112.147475625298
542 4017.4585177858553
543 4104.270410373006
544 4116.974746649602
545 4109.724765932217
546 4100.646381515921
547 4090.7725068184814
548 4100.087738734406
549 4081.7607602273797
550 4124.6070486339
551 4051.810907359021
552 4127.698438135697
553 4090.2161524881853
554 4109.991877059412
555 4111.899570428843
556 4122.280756469978
557 4053.4360684350645
558 4103.683483025617
559 4095.5301870404296
560 4064.695843203526
561 4080.491730109047
562 4107.032350817273
563 4052.757296617344
564 4093.5832733155953
565 4103.598519362587
566 4097.715249107436
567 4100.0439640546365
568 4095.483790251023
569 4084.1498040560377
570 4116.484213017494
571 4086.9365574190783
572 4059.1396155578627
573 4106.54765817422
574 4058.075848593035
575 4082.5752812935634
576 4095.600755071663
577 4103.648819821935
578 4094.9801821844226
579 4096.514459603787
580 4068.9314614714244
581 4074.5347138053626
582 4089.6387278886464
583 4143.570028553375
584 4068.381519287153
585 4094.8914532477047
586 4099.124408220502
587 4113.477589204803
588 4119.215679751357
589 4077.9714885046465
590 4104.515493780401
591 4104.693400255884
592 4101.211917622347
593 4117.29885049847
594 4131.608101581014
595 4103.145615912105
596 4111.308634865333
597 4125.145466181135
598 4115.5092448573705
599 4086.010157201258
600 4107.127363471968
601 4094.0280923597666
602 4107.400763309561
603 4101.961381739954
604 4071.908412806322
605 4111.485004433994
606 4121.711179947188
607 4134.621413620802
608 4105.585715710574
609 4120.185036123037
610 4138.145705103659
611 4111.319318580147
612 4096.543154316612
613 4062.5804961315557
614 4118.642261864446
615 4120.936648502768
616 4089.3883067398933
617 4124.92173000807
618 4113.93975858256
619 4121.55245568115
620 4129.018090380432
621 4080.1776305175476
622 4114.161946739816
623 4104.648301388049
624 4089.9020162420666
625 4076.396271522661
626 4109.741918676585
627 4120.869846976634
628 4093.7396103365973
629 4115.603071655484
630 4097.306522659783
631 4130.017144173212
632 4113.3698568562195
633 4091.709429479173
634 4058.047537881609
635 4084.611999264784
636 4094.944412736019
637 4122.120939727511
638 4095.4380857236147
639 4107.024152324741
640 4099.410406864874
641 4104.106941999119
642 4130.272112542812
643 4123.714524440484
644 4100.918003826745
645 4119.135214336715
646 4081.7700514364965
647 4084.917271665122
648 4111.120045685561
649 4090.994300128808
650 4097.160196281194
651 4100.074941075256
652 4096.075868257695
653 4117.31998433227
654 4095.371234881391
655 4131.234619483325
656 4093.595576407296
657 4108.525047005399
658 4078.902175053588
659 4058.1954764206125
660 4087.992138659301
661 4081.916497807419
662 4117.571315201618
663 4109.584014595942
664 4083.8730529455406
665 4147.284247122507
666 4108.855895413699
667 4104.8375863863
668 4092.3519984714726
669 4130.924805558319
670 4090.191127559665
671 4105.645949918836
672 4093.4444138340837
673 4147.705690757162
674 4130.045989768572
675 4103.7223231832995
676 4101.891662465293
677 4068.999317464018
678 4087.845343862089
679 4079.64742130027
680 4153.011066402559
681 4127.943468851064
682 4086.578390703381
683 4095.5269731712688
684 4126.890011873513
685 4092.6590613925687
686 4117.647342676179
687 4117.064311853475
688 4088.967102078926
689 4104.592248204945
690 4072.535001526972
691 4108.684570935276
692 4113.008343042799
693 4102.721452575414
694 4101.838327274398
695 4113.362897648912
696 4112.021979653371
697 4110.114454805575
698 4128.11029757342
699 4140.960462951663
700 4085.132486647413
701 4073.478894295587
702 4085.840904488463
703 4103.270768424457
704 4112.3827431629015
705 4101.337511440354
706 4084.4299484868507
707 4068.1036993163557
708 4120.237898547547
709 4129.295163875364
710 4071.137840226623
711 4068.5591222987628
712 4093.3060535378604
713 4110.729273432237
714 4080.395369664158
715 4119.321015407211
716 4106.929460482205
717 4096.38807097935
718 4093.893817398671
719 4095.6809533502756
720 4078.9608121992683
721 4088.368260468758
722 4103.009621985987
723 4107.986819467587
724 4078.727695866481
725 4062.9535048594207
726 4110.6007616827965
727 4066.57625672496
728 4103.642049071251
729 4084.26954045862
730 4109.6970345777
731 4083.5239025628016
732 4130.6020831553105
733 4057.38303924335
734 4116.9440449726835
735 4101.332863906715
736 4091.821605253076
737 4092.4938942526005
738 4102.364454397317
739 4099.779362102629
740 4127.518016199323
741 4088.7053394411128
742 4109.485675191971
743 4115.69096293196
744 4088.4237837389323
745 4076.1586650789027
746 4068.5390580393437
747 4083.2286963133697
748 4034.655370834502
749 4078.1351878197775
750 4102.243337887533
751 4093.8206909062264
752 4098.6917932080305
753 4094.2863335139064
754 4121.857916813908
755 4059.9351057913755
756 4091.7067337405338
757 4106.113861316205
758 4104.227696390954
759 4083.649792618571
760 4113.981819542981
761 4083.004704765329
762 4141.206333041529
763 4134.859261935963
764 4116.215969139088
765 4103.005987579489
766 4113.952335399406
767 4097.059377472625
768 4095.675146475956
769 4103.092005726314
770 4107.584991633142
771 4111.230301366565
772 4084.31115559654
773 4115.04590472639
774 4097.24909750867
775 4085.224157944085
776 4060.8495321497035
777 4077.2096744465357
778 4129.189752130553
779 4138.348830299731
780 4085.349388970505
781 4099.367717084128
782 4074.615447613299
783 4102.210053039448
784 4110.048858244197
785 4095.6457628960584
786 4085.9120964011813
787 4076.555594682368
788 4077.5443407505295
789 4097.968495535973
790 4105.092024914031
791 4102.956307377903
792 4110.856982898833
793 4061.082422510998
794 4105.555998608819
795 4102.397637740216
796 4107.218762243875
797 4089.808648774176
798 4114.270426738258
799 4079.4376575101833
0 682.0699030737135
1 590.291048329954
2 623.0548728597252
3 1257.7862225599763
4 773.9170385981789
5 608.3147984066713
6 647.2464644621705
7 793.6454753515337
8 736.7748361571329
9 765.7213140986004
10 446.22086288721
11 386.95107137570176
12 706.3661191122607
13 677.8039386016889
14 453.5019611949656
15 871.4181395984134
16 1929.6897109364634
17 3372.609843592528
18 3434.8276988953244
19 3318.0247007415533
20 3484.321595133408
21 3493.725972582963
22 3531.150099994828
23 3381.1182760958677
24 3505.1939906434673
25 3391.447717786407
26 3389.3060205067077
27 3436.2289455214354
28 3570.2239412032272
29 3525.326296692811
30 3421.6936178570263
31 3445.0609970299956
32 3407.0270553727837
33 3328.758087835651
34 3433.1400663885643
35 3389.0949733314237
36 3341.664084530322
37 3404.2107371729926
38 3414.6480764047005
39 3316.870217389944
40 3392.161979363444
41 3380.3522698011075
42 3335.1044991088133
43 3385.8326969658283
44 3288.206087261088
45 3407.1831681364497
46 3339.5277857992637
47 3345.0449257017417
48 3376.3380872771513
49 3364.978820887298
50 3381.5703243099597
51 3377.990989139833
52 3363.8535440108153
53 3387.1744857516046
54 3361.8293989375506
55 3311.334880769477
56 3360.690117800418
57 3307.6195890863814
58 3410.417574105852
59 3391.7001043143
60 3363.1318454001066
61 3370.343492352513
62 3410.7919631420696
63 3392.9592241877735
64 3367.487708170062
65 3412.1251741567344
66 3350.7625132620105
67 3356.601981570374
68 3389.742755858991
69 3388.2438106245345
70 3359.0930922786442
71 3421.9718825992604
72 3376.1252659180027
73 3359.7398881551617
74 3371.4442646518514
75 3431.7931816219298
76 3414.2368479137876
77 3403.4169560894816
78 3380.619064216722
79 3355.4160146614963
80 3441.026446727099
81 3376.7602130457726
82 3385.856403062178
83 3344.9331561105373
84 3389.7507162478387
85 3424.914681469131
86 3362.1971396626686
87 3371.2946187046236
88 3402.391825852172
89 3356.0389866049854
90 3395.728134258387
91 3387.838846082279
92 3409.453411456397
93 3394.713141747731
94 3334.1149826257556
95 3408.3033452298077
96 3379.4441278297236
97 3398.9943125269274
98 3399.899478347431
99 3409.688306532994
100 3398.3942826409384
101 3439.9301507858963
102 3437.3426833184762
103 3392.5507294589092
104 3415.8583410923297
105 3408.003913708311
106 3363.1263990833927
107 3383.599712490358
108 3417.0644946851457
109 3383.0250834451886
110 3389.7061577199215
111 3421.419497292849
112 3413.4189910722293
113 3410.6536204908484
114 3369.8565970435384
115 3384.824480791549
116 3374.348147284389
117 3371.4557529186905
118 3379.928679211277
119 3420.8049873277073
120 3440.949601541827
121 3372.5351676211917
122 3404.3536090483517
123 3408.0876908790083
124 3380.725115968562
125 3440.4606864891466
126 3430.415576107781
127 3428.7023210156567
128 3393.1655037210426
129 3415.8874692296245
130 3425.2583940731615
131 3407.6548709749018
132 3431.2243410604215
133 3389.3673104195814
134 3418.2790983839163
135 3383.834551200136
136 3451.962239055838
137 3422.7079428993375
138 3388.864890390388
139 3409.5845152286215
140 3428.1612960486905
141 3364.6828845063687
142 3415.126329822209
143 3388.349977145616
144 3415.6895448157816
145 3391.6390835263715
146 3386.906965078562
147 3405.612994953137
148 3464.963054472109
149 3408.683266337146
150 3389.192287477319
151 3387.4681997714133
152 3382.459801048673
153 3385.557843191207
154 3406.875746211184
155 3425.279193688127
156 3428.2432403957378
157 3384.5556941846853
158 3393.2267599291554
159 3372.507911432006
160 3407.566035996624
161 3369.210611611217
162 3399.211593282145
163 3413.309608938697
164 3461.5335123780983
165 3413.7403958608447
166 3424.9208890948985
167 3392.929399088089
168 3434.8939035882368
169 3408.386148645518
170 3423.725896531545
171 3437.872670688915
172 3378.482196944983
173 3398.923458906284
174 3415.9470851476112
175 3410.531432281503
176 3425.7646813037745
177 3407.3470862190993
178 3409.3635577197692
179 3373.0960108696186
180 3410.096959397218
181 3433.910095048231
182 3404.8355351600585
183 3452.334860940863
184 3413.956377604295
185 3415.917159434794
186 3403.838714175593
187 3394.879017241004
188 3406.2279788226656
189 3352.181480018491
190 3408.9799606130628
191 3394.7357033470585
192 3439.6379913148853
193 3399.841322539117
194 3451.857712082263
195 3391.433044889527
196 3430.57258375787
197 3422.6387440961767
198 3402.033794050769
199 3418.6628301689643
200 3364.3020599372676
201 3441.353140705422
202 3386.5951814521577
203 3444.987638391399
204 3404.7781605552636
205 3410.9889993841043
206 3419.290481194006
207 3391.4347877167893
208 3390.345105547722
209 3489.1306113388423
210 3387.381439976343
211 3467.083712280466
212 3348.119102865088
213 3383.4960548712747
214 3411.868412982665
215 3434.2328949197904
216 3415.1544701211287
217 3452.334481556432
218 3402.1660400523597
219 3394.0700918695284
220 3411.070549532858
221 3406.5438601109736
222 3475.233718185291
223 3405.0628850114927
224 3401.0040005230194
225 3408.4136552774557
226 3444.5724431965746
227 3437.534413856985
228 3423.297770578617
229 3403.072358466956
230 3425.720240945438
231 3377.088019238294
232 3384.830729660352
233 3426.562725797216
234 3404.1129441025214
235 3424.512537099135
236 3427.9926429069483
237 3400.9433242187183
238 3389.288282581994
239 3435.3588964475525
240 3414.578667851271
241 3380.416631135797
242 3415.737336685919
243 3416.9347650739073
244 3381.9298920976253
245 3428.4977770508667
246 3383.765586032022
247 3391.5980828327
248 3377.36197501225
249 3432.690114716763
250 3401.1712008895956
251 3391.98537538532
252 3411.8782991224957
253 3405.509713549707
254 3433.854134284722
255 3428.6679198012707
256 3404.637160608288
257 3410.9745716267953
258 3383.4528298329606
259 3398.5825349925612
260 3361.5409650557804
261 3410.0707229226614
262 3380.1094890218897
263 3395.814197956602
264 3423.460045603509
265 3385.910177835432
266 3395.5156096991427
267 3395.4760124003647
268 3367.0084375553565
269 3405.2911145840003
270 3407.0065392802526
271 3394.051886545793
272 3429.8279777808766
273 3412.045033146487
274 3385.149369583413
275 3345.3964925192067
276 3386.188074332622
277 3419.0116486730144
278 3400.499600343711
279 3405.446004614535
280 3376.919678538469
281 3403.968471493663
282 3390.7363912991173
283 3346.484278143471
284 3391.9272791533986
285 3416.46068650111
286 3393.7009266882364
287 3425.367257605168
288 3396.7651208548723
289 3432.127021028972
290 3411.8384238874028
291 3393.7601301726154
292 3376.945580242547
293 3384.8501283512296
294 3391.4404354463586
295 3365.5574534097677
296 3410.6409962858675
297 3381.752601211711
298 3414.9032780634097
299 3386.879020417769
300 3412.426191052074
301 3410.7171340071764
302 3392.9502555268973
303 3397.8010469718697
304 3407.759399435408
305 3427.7498625686217
306 3422.792084250098
307 3422.0497111376785
308 3403.1119439775575
309 3423.1863347332333
310 3386.7411584957945
311 3389.5003010903
312 3416.953514632922
313 3415.5797299818546
314 3413.155920448924
315 3389.0561999245137
316 3393.64730267082
317 3426.204129650829
318 3402.7758529757257
319 3400.3159039650022
320 3383.067908067516
321 3452.5957750617827
322 3414.4516147445784
323 3370.9786539395104
324 3397.5552461293687
325 3398.788231410704
326 3421.783084390644
327 3405.1537442754434
328 3386.4648375467077
329 3406.7507430820133
330 3391.360269363344
331 3383.660137776501
332 3414.211700658332
333 3411.193601316403
334 3411.916759956419
335 3391.744683228299
336 3388.3281269811805
337 3407.196999009633
338 3458.6967854337404
339 3429.755996812309
340 3380.5070802086093
341 3373.675371096965
342 3420.9152869233667
343 3412.041659047506
344 3445.039390884136
345 3405.6777897058146
346 3402.626677771398
347 3390.0691899404264
348 3397.616965208439
349 3357.592981464391
350 3415.14748031814
351 3377.11478772074
352 3341.9927890802905
353 3395.4525813685846
354 3382.960601358468
355 3400.1628707391114
356 3380.3220603216714
357 3379.4421036349027
358 3385.721957067615
359 3384.841716558253
360 3393.4423024394937
361 3432.306255699363
362 3392.2794462923916
363 3385.530028032385
364 3376.7408954208217
365 3408.358321298976
366 3408.05616263999
367 3419.235660547544
368 3338.4689624715043
369 3382.1809394946517
370 3406.1398252628933
371 3411.2386392484646
372 3396.800579647326
373 3375.2740180736737
374 3429.976517742345
375 3443.094523350937
376 3376.4906247150925
377 3388.6273274979844
378 3428.1827353006615
379 3416.2772503448036
380 3436.4483911335706
381 3356.1688646944262
382 3383.340912089181
383 3396.7824813310567
384 3395.61631866529
385 3401.4903554502766
386 3379.259684193894
387 3409.4869356271997
388 3400.2907101819187
389 3397.453527845214
390 3402.536879573089
391 3399.965905315878
392 3411.3893002406326
393 3438.2958221012855
394 3404.0214532988934
395 3376.771604211669
396 3404.396317796795
397 3412.57446918766
398 3413.968965863052
399 3393.212002988275
400 3413.670359052887
401 3393.1238818695892
402 3433.660546538112
403 3395.8875097665164
404 3424.855330367632
405 3408.888376711119
406 3420.5666016919395
407 3406.525019674352
408 3387.5745167788646
409 3430.7464788915727
410 3431.8884844630165
411 3400.3343088867905
412 3421.8940492269576
413 3391.7456269475015
414 3405.9178031257693
415 3403.640960386483
416 3402.3648268160505
417 3420.046337861795
418 3413.5413269625074
419 3397.6311157475507
420 3428.4104768229845
421 3416.741319444919
422 3434.558006427424
423 3371.9625881562774
424 3379.8634521265467
425 3429.531016805368
426 3378.420260987335
427 3353.346974943504
428 3398.697686818272
429 3432.1504888222876
430 3387.7489203605837
431 3405.948002614818
432 3435.708337249933
433 3389.7810509777883
434 3412.3205727561817
435 3409.595214877509
436 3426.9805139400796
437 3409.3533504197517
438 3414.1904532115864
439 3408.7749000401886
440 3393.684527238683
441 3437.2202823533376
442 3364.6454621516446
443 3376.2913558415585
444 3365.5709639966367
445 3409.747533497193
446 3400.575763634941
447 3407.8123298870782
448 3413.1346502568144
449 3426.823238810439
450 3419.413233574517
451 3443.60732035042
452 3434.1661265863527
453 3379.8826205252003
454 3392.6587869669424
455 3395.3793212160913
456 3392.451675516545
457 3405.374182215986
458 3362.2969761685486
459 3409.046022633514
460 3422.620535376019
461 3391.407703305293
462 3379.7069987704017
463 3377.9310429530246
464 3379.4521724487863
465 3398.6026978706946
466 3402.946089906043
467 3380.197010708
468 3403.5464188831243
469 3348.039492902972
470 3378.273935390184
471 3413.549799861058
472 3377.3893365471836
473 3379.5315153633314
474 3411.713919216773
475 3372.9477092961392
476 3382.7138914975235
477 3371.2052572727425
478 3397.830820541714
479 3364.1366584563234
480 3368.7644918541655
481 3382.253361083701
482 3381.3579730004744
483 3400.188580044475
484 3394.0866891573464
485 3388.9097540173407
486 3362.780415862348
487 3356.4624611499034
488 3365.0725501653023
489 3388.938282741349
490 3377.3966527390166
491 3400.4232782886143
492 3393.1855314357867
493 3394.6734076120815
494 3396.2754464423588
495 3383.277931032818
496 3405.59520960654
497 3320.4745094476184
498 3356.2761906133123
499 3428.37133530843
500 3390.779949808448
501 3399.644097360298
502 3409.9074742432067
503 3412.623822005274
504 3423.0346143759575
505 3406.8429557814075
506 3408.7426026352323
507 3395.5601474934656
508 3401.8208038876437
509 3379.1328599378753
510 3416.3801627507382
511 3390.4875482485854
512 3424.4343020955725
513 3383.4549962618885
514 3377.2455064770306
515 3403.335583158711
516 3407.12510018396
517 3405.8229236428597
518 3427.4260295957947
519 3419.154634517904
520 3409.161175234075
521 3367.5590017346744
522 3430.686270821201
523 3384.651731590506
524 3391.9252018718857
525 3385.183534242446
526 3383.3482935368284
527 3398.346525132087
528 3406.0227980164577
529 3382.433527693044
530 3418.6385555039533
531 3426.417743266484
532 3370.724900492471
533 3397.822235138141
534 3388.003916366163
535 3370.7051234007863
536 3388.919822322422
537 3397.812141650995
538 3391.75749782713
539 3395.310840479837
540 3400.72276599966
541 3406.3021779442615
542 3335.814339998722
543 3406.9265161430703
544 3414.167967593476
545 3385.671668429159
546 3394.675527368482
547 3401.820865584713
548 3343.844107227888
549 3387.4342815922164
550 3421.6465564134346
551 3363.0496503150266
552 3409.231020713506
553 3400.248316101199
554 3408.3330508057647
555 3386.7178868153046
556 3386.9160138016605
557 3360.1291819505577
558 3410.671420222088
559 3384.209639244238
560 3379.470523960091
561 3371.928030000507
562 3379.476030512518
563 3341.64141715442
564 3409.6834268037874
565 3398.03589710513
566 3330.6384397455618
567 3414.0447447975066
568 3391.7231872112047
569 3409.382124592138
570 3369.312375956196
571 3405.8311477792945
572 3362.1769130627968
573 3404.490254754179
574 3343.3006788193456
575 3372.3391111105834
576 3342.7531376857182
577 3390.36403977469
578 3395.5772920082804
579 3388.422994414379
580 3354.6338283236455
581 3370.226208826038
582 3377.7107747254777
583 3429.9392878025087
584 3372.4093483763368
585 3381.1944544757316
586 3419.1024422624337
587 3370.301419872506
588 3422.9946181948994
589 3388.4512870779163
590 3407.65336403056
591 3336.017363239493
592 3395.9758637232553
593 3401.7086221029367
594 3413.3417158287994
595 3326.7348813367903
596 3382.4654478790562
597 3395.349529089809
598 3433.727328819472
599 3372.911745203538
600 3392.534862587401
601 3395.4500615294132
602 3424.499001871911
603 3389.993153785232
604 3374.740449575294
605 3303.308878393281
606 3418.581768773336
607 3361.220821185851
608 3395.114435109336
609 3379.86028326005
610 3420.058558932727
611 3426.5713393036312
612 3362.6552396789534
613 3359.8964327350127
614 3416.3339701984582
615 3375.252671942879
616 3340.4763437301276
617 3429.5521447346164
618 3417.2201889049443
619 3320.621586242041
620 3438.6940379236316
621 3347.108893160539
622 3395.858283388105
623 3427.1768028653014
624 3373.2141324862673
625 3359.6397239981716
626 3417.2014406977273
627 3442.8448633690678
628 3371.2086819817496
629 3393.2345444608895
630 3384.7451639266123
631 3401.679836555977
632 3395.747556594376
633 3383.4784159252476
634 3352.6073798969355
635 3379.8642487419793
636 3385.103129868331
637 3402.1327407240656
638 3407.83750361911
639 3406.3622915962023
640 3377.5488671884095
641 3397.975145499697
642 3415.232022740272
643 3419.373188335517
644 3358.884375371826
645 3418.7845007884175
646 3393.3446117098665
647 3371.1986787315745
648 3400.5807387400537
649 3358.556784912665
650 3370.0853829187954
651 3381.5268995693423
652 3388.938001228798
653 3395.2789879181137
654 3330.1196946646446
655 3390.3134550701366
656 3341.0392419797204
657 3369.361148520225
658 3383.93434726613
659 3349.9685699479664
660 3346.546527094533
661 3356.5239139391415
662 3375.298900348164
663 3377.5949489530763
664 3363.7631063021818
665 3403.207263324622
666 3362.671700965324
667 3357.019701009555
668 3393.928869194762
669 3404.8230675711047
670 3388.7581835321816
671 3393.693911458625
672 3374.819058344277
673 3398.481958899574
674 3395.1721818551914
675 3347.7260814643555
676 3377.8797776685005
677 3368.7007702486253
678 3350.1985145704243
679 3310.1897931671956
680 3399.862345413507
681 3400.7538742348743
682 3371.478559655963
683 3407.22131477207
684 3389.5200304184655
685 3396.456094114773
686 3387.8398583883177
687 3388.6370138329103
688 3376.555261910823
689 3388.9765356014286
690 3370.0634645170126
691 3377.6079512999913
692 3406.8912917264893
693 3398.0786212066937
694 3435.5315356749506
695 3397.2442912488996
696 3397.9924713919327
697 3395.321283837316
698 3413.177567437901
699 3447.934900107362
700 3362.8437948668015
701 3390.9920111830966
702 3383.3194926193346
703 3390.125569778333
704 3446.3031212295023
705 3409.222369180248
706 3394.141295450895
707 3378.186451584557
708 3463.5572100896156
709 3443.6660276822986
710 3368.2955260887607
711 3387.046603317033
712 3387.858725057033
713 3415.4468688642446
714 3361.408233543377
715 3407.7977156035013
716 3413.5529893345565
717 3405.9733200788964
718 3383.3846175025815
719 3384.426810615281
720 3378.6006528291555
721 3358.152261503742
722 3411.0212454764846
723 3402.2448753853128
724 3381.2607004952897
725 3400.3350596422674
726 3380.6806697556535
727 3386.6467885232023
728 3396.9812180493686
729 3390.840677405613
730 3430.491060638714
731 3396.98431308123
732 3461.0289395098744
733 3336.9680450193114
734 3410.992853324864
735 3453.017411285391
736 3396.313803053392
737 3449.0382595461638
738 3376.2947760920333
739 3401.017379802553
740 3428.015178174942
741 3426.7949828923743
742 3412.9818656427456
743 3472.044833706728
744 3468.4435333683846
745 3438.3319354662194
746 3388.770595305157
747 3435.855725136622
748 3280.9652093303907
749 3370.229144932948
750 3286.1949655010835
751 3098.281223775271
752 3281.308110720265
753 3442.207055611487
754 3313.8211146981007
755 3252.7044157266964
756 3435.090873144966
757 3416.658182546442
758 3399.97097032713
759 3320.302684869398
760 3394.648040320345
761 3227.616498180735
762 3125.657902121094
763 3104.256353514936
764 3174.1678955204547
765 3259.616144942527
766 3378.3458709360793
767 3267.956322668849
768 3132.6122193707697
769 3278.415252357348
770 3279.356333770337
771 3184.719035760101
772 2973.6666496121925
773 3275.4353833753703
774 3270.317943696591
775 3018.6698442838547
776 3176.2369765332937
777 3321.251110395934
778 2384.168727849375
779 3282.9668521718754
780 3261.1485446445913
781 3324.6102980929236
782 3080.1471662307654
783 3307.338217537918
784 3356.998580261912
785 3344.2083808910493
786 3169.7025068941502
787 3297.123031888926
788 2765.7502158225147
789 3352.5889913621636
790 3166.284140471414
791 3348.747410841396
792 3194.491725103563
793 3335.820391287701
794 3294.4254346449748
795 3324.3446820178833
796 3001.609679651911
797 3366.768864466426
798 3128.091858671402
799 3117.1736324000926
0 2753.8329171550895
1 3706.396819447637
2 4064.324561378546
3 4134.666798825151
4 4172.895048133516
5 4118.354584991801
6 4171.467155212872
7 4183.493244410961
8 4194.856531571721
9 4193.165444492003
10 4184.419679649894
11 4189.542781720827
12 4170.502166224538
13 4170.654406220145
14 4196.795156068653
15 4209.967260645576
16 4172.846614454367
17 4203.436850050118
18 4192.202818475569
19 4164.57682231727
20 4185.373596478507
21 4183.929100011369
22 4184.275693400267
23 4156.520094064924
24 4182.666507129932
25 4171.539465466971
26 4177.51347414075
27 4192.844300438019
28 4175.650945002923
29 4175.59228287462
30 4183.537925412038
31 4182.94825583141
32 4155.507087952467
33 4166.643788102177
34 4175.427642114126
35 4151.518987968613
36 4149.745334664165
37 4113.108480975344
38 4175.302363079357
39 4149.877078069585
40 4148.465076464999
41 4185.6192796956675
42 4141.151457510986
43 4163.52857168943
44 4179.329068109253
45 4176.0942909522255
46 4190.646492404646
47 4173.13466936142
48 4192.8784517542645
49 4154.29076551222
50 4128.558497380096
51 4175.707091529634
52 4156.504313386059
53 4153.935904914384
54 4141.031652381133
55 4185.486760903155
56 4151.716648912663
57 4173.341871917628
58 4162.416553321331
59 4176.008115524478
60 4140.753022489386
61 4195.69351830236
62 4206.990547476582
63 4181.469868153323
64 4161.993992310734
65 4177.590247011794
66 4160.719650679339
67 4203.842833465091
68 4166.9365014001905
69 4156.913175716833
70 4175.122725118489
71 4164.699997315232
72 4158.223438799963
73 4154.5741002145905
74 4181.046596761127
75 4158.929090875406
76 4201.896851901061
77 4165.377921805424
78 4201.087682887352
79 4187.0646355584295
80 4206.484314680513
81 4197.169400941338
82 4196.160630875041
83 4167.538611341361
84 4181.655979849734
85 4144.151107973837
86 4182.415406069189
87 4186.173352454465
88 4195.55259439195
89 4164.6499460800105
90 4191.539292911431
91 4203.352738820619
92 4205.291712466871
93 4171.8805671633745
94 4177.7897158682335
95 4165.7745951908755
96 4194.549820414744
97 4178.9086110647395
98 4201.163534324537
99 4175.003958794938
100 4153.783798393414
101 4181.412734380133
102 4156.046404765988
103 4168.072629440627
104 4150.904846850288
105 4162.953965881992
106 4160.665421511088
107 4190.88494407824
108 4172.887456727929
109 4174.872707898749
110 4168.5636477241
111 4187.11842623899
112 4152.676857158811
113 4201.488320333574
114 4161.617670625188
115 4189.150692655696
116 4180.45890584972
117 4176.992030984217
118 4162.005515097915
119 4170.488538027239
120 4206.695935478815
121 4172.06895076799
122 4181.7536490165285
123 4192.521263182356
124 4207.076918578002
125 4158.556195288119
126 4177.255203528814
127 4189.967085653069
128 4175.62813581195
129 4165.346703145134
130 4165.338170993145
131 4167.781340876204
132 4152.939611277704
133 4173.940846957545
134 4170.541081990296
135 4166.182234584551
136 4187.1730669576755
137 4159.251964260884
138 4175.948919821826
139 4201.019709516753
140 4154.055274213261
141 4116.906475734812
142 4141.532238842882
143 4140.971207622682
144 4168.0807060750485
145 4158.823573334323
146 4185.62704902414
147 4182.335116919549
148 4173.622348444081
149 4136.297760926743
150 4147.623930438952
151 4161.620041132107
152 4175.446724773076
153 4123.916542640295
154 4152.604948766339
155 4154.043673518941
156 4133.873432030297
157 4188.0056773774695
158 4183.399387609435
159 4146.356904727914
160 4178.021155459387
161 4183.977013471491
162 4184.535887249287
163 4174.005893592672
164 4157.880722916843
165 4155.990428172826
166 4159.335278442123
167 4142.899272502188
168 4188.179049629086
169 4185.413108931694
170 4190.6799752720335
171 4148.848235086211
172 4162.070985256463
173 4178.500793114852
174 4163.311177300716
175 4155.772317749466
176 4181.931829462826
177 4164.876275252097
178 4166.366264483396
179 4160.082019210186
180 4146.080974439392
181 4172.125786394445
182 4086.5871347214015
183 2126.18230428137
184 1261.529131844185
185 2462.017887553423
186 2810.089368125663
187 1833.2424179754373
188 1557.893691483432
189 2884.06462257957
190 3733.537759914991
191 3571.2126922927177
192 2597.349822929311
193 1985.678350374446
194 2489.2679655282805
195 3005.252057374202
196 3051.0241385468726
197 2871.0779105272354
198 2822.7171189362302
199 3728.113784993045
200 3683.294314104654
201 3649.459079782891
202 2984.3305060548623
203 3094.910627798488
204 3165.3091749809805
205 3078.0489489376864
206 3382.372771131059
207 3443.00885827074
208 3639.5971526459293
209 3390.9126999025625
210 3306.386600679737
211 2909.6765228041354
212 3681.516021222103
213 3680.3477113882955
214 3375.7890313953158
215 3543.902037643583
216 3895.9471044260335
217 3684.2659225283405
218 3838.2284539828347
219 3962.8790494599734
220 3973.2022771062543
221 3802.355897888
222 3946.957256097959
223 3943.1561681237126
224 4052.606838644865
225 3992.057321326227
226 4009.7174727892034
227 4041.4120606772317
228 4057.4068665126183
229 4109.4830736455815
230 4075.091200392166
231 4099.836694093206
232 4083.4048917457026
233 4126.098786766783
234 4106.4994666530865
235 4115.331985259848
236 4107.876629454917
237 4080.921337422776
238 4035.33778505056
239 4087.1572710174396
240 4069.2489758250176
241 4068.5456429191895
242 4081.414505533955
243 4079.0535301896407
244 4076.810258056911
245 4003.2653037813147
246 4090.7263484133055
247 4083.750434791927
248 4088.326938482998
249 4101.520587421833
250 4087.037656199296
251 4138.290546311464
252 4100.265908655735
253 4080.200660677918
254 4095.3232974634416
255 4101.859723221547
256 4041.3889861479306
257 4083.231438135509
258 4114.103615676174
259 4100.877004567277
260 4082.3129529177368
261 4134.63847145426
262 4041.8247685876427
263 4118.185727095375
264 4089.5937657970967
265 4084.5868969911558
266 4135.184959362242
267 4094.8209956667406
268 4111.05905305287
269 4067.064867174495
270 4119.998569300367
271 4090.021553395999
272 4097.468641040239
273 4097.296049453694
274 4078.608316373826
275 4094.7823373616006
276 4092.5039373301756
277 4110.265583160941
278 4105.904366171438
279 4097.199369952251
280 4083.877168777732
281 4118.372022361175
282 4119.340485789542
283 4086.990461199891
284 4112.349166845105
285 4112.7407395352575
286 4109.87462032744
287 4105.282037503624
288 4094.813579800857
289 4127.081100159344
290 4116.985319199845
291 4143.842797209101
292 4127.689495130398
293 4070.8669996542194
294 4095.0248484276285
295 4113.339547101882
296 4126.86994149896
297 4079.952959318509
298 4133.240609632541
299 4097.215612692403
300 4157.148130034471
301 4077.8273943932822
302 4148.070438399015
303 4062.4529556453604
304 4102.546189481046
305 4144.04150883329
306 4122.6940938118205
307 4096.6484985013585
308 4114.8838744313225
309 4098.13472440973
310 4131.41041823257
311 4074.459059998018
312 4087.0297985204256
313 4098.965858095153
314 4131.410802667798
315 4057.9826689022316
316 4111.242091816651
317 4106.68440680304
318 4083.5450327706753
319 4102.348898673905
320 4082.413901190043
321 4133.6718000511055
322 4118.75435246078
323 4130.877217799608
324 4106.39117273639
325 4103.9337539092985
326 4105.877807463431
327 4110.625232197116
328 4103.376257956976
329 4107.211436519186
330 4121.376728448623
331 4084.339632498012
332 4104.464714680414
333 4066.3563748671277
334 4144.0064710062725
335 4123.578003301391
336 4127.21550125778
337 4106.166195863981
338 4060.175284828524
339 4100.510956357247
340 4061.656691424965
341 4070.296993679506
342 4049.852804517865
343 4146.8462127737575
344 4156.438873407185
345 4128.166814736814
346 4114.909413532592
347 4091.157116719937
348 4097.696519831783
349 4090.0326512255347
350 4088.2570772002755
351 4047.2223690924293
352 4050.7839658479083
353 4126.0983931522505
354 4149.018129480887
355 4106.610987220544
356 4073.829709866655
357 4107.256130902556
358 4090.3230055999115
359 4079.9460041696266
360 4126.972430947306
361 4097.734381935544
362 4114.663775397289
363 4091.0058236107775
364 4109.652215465197
365 4156.390601736836
366 4088.5023539819167
367 4108.174259518937
368 4039.95419043548
369 4124.394749284991
370 4124.712336539579
371 4089.2618558846443
372 4130.262417155527
373 4126.90627506061
374 4111.810114434697
375 4069.014534009279
376 4108.377931934122
377 4077.865217821057
378 4109.00419929394
379 4064.1488756191948
380 4077.9130645189352
381 4090.6617164991735
382 4087.0928785804763
383 4091.5969316780984
384 4103.101905676205
385 4142.841705520519
386 4138.239976123527
387 4130.505098499948
388 4110.460951475085
389 4113.681637794925
390 4133.858984631866
391 4060.0527212751235
392 4118.306186955228
393 4131.504669659387
394 4077.5580145684166
395 4068.919542640541
396 4113.897707813763
397 4120.5048133183245
398 4070.4226607708893
399 4081.710624743448
400 4093.738464121456
401 4099.071597013779
402 4116.502294247756
403 4114.955175921347
404 4145.028815464148
405 4101.799451935229
406 4117.220129420905
407 4106.795661746344
408 4142.026211656202
409 4108.162680523722
410 4084.5331045720977
411 4087.032746122226
412 4091.610116673918
413 4089.27748245361
414 4101.821163908119
415 4109.307968686423
416 4100.511811853609
417 4122.258144399764
418 4120.615524911299
419 4084.333241261588
420 4122.645948782498
421 4108.403674297468
422 4137.141606827174
423 4108.964509589765
424 4099.594905162551
425 4139.561138953579
426 4093.0478995305
427 4095.4292395784564
428 4097.935039057899
429 4127.734009943885
430 4132.582287736227
431 4074.500291612854
432 4073.069917483038
433 4044.194711511719
434 4073.583553873334
435 4115.29242717664
436 4123.25715582692
437 4103.762828738332
438 4092.051454413777
439 4103.90100420214
440 4129.354920501772
441 4147.507790451174
442 4070.171305114826
443 4105.907428827576
444 4131.6796140717925
445 4081.7658232943795
446 4113.77403304502
447 4132.658722480745
448 4115.0077288329785
449 4098.400478720563
450 4099.560337300616
451 4079.6720713088866
452 4107.5201487507675
453 4107.691752141179
454 4120.002054138547
455 4126.893137159009
456 4123.019095478737
457 4105.510003972553
458 4099.329696671162
459 4099.855514173807
460 4121.907672333567
461 4100.4327815639635
462 4111.847273672976
463 4096.646347818577
464 4077.058776919733
465 4104.759119002121
466 4108.005439776304
467 4130.298581861139
468 4098.577122743139
469 4047.473042874707
470 4090.2397091062176
471 4123.686637347743
472 4130.47537575414
473 4123.704552339535
474 4106.528415473599
475 4092.5877475675807
476 4119.3576695708
477 4086.4348029161947
478 4097.434428382808
479 4112.228728266735
480 4054.932307623116
481 4102.9905519843915
482 4103.044324811766
483 4087.8035270100586
484 4061.955548399702
485 4067.6642125923645
486 4107.57676385348
487 4127.949954622915
488 4058.0919901157054
489 4125.852175398732
490 4103.621880231484
491 4112.031914385062
492 4093.044595235687
493 4120.982747960627
494 4109.530038561565
495 4140.849665935612
496 4110.924676353646
497 4076.980328767211
498 4057.003839087961
499 4136.542357751866
500 4114.989079616859
501 4090.5372957286995
502 4123.461717643427
503 4116.161643978385
504 4094.023042766481
505 4125.779941982561
506 4099.8167505448
507 4083.198262143394
508 4070.207417426426
509 4080.6184797059773
510 4080.4283517942126
511 4065.3126456267805
512 4095.3077836109205
513 4117.628733772831
514 4095.6015728898624
515 4120.356335154806
516 4093.569435900818
517 4117.519929741252
518 4125.047773887388
519 4078.8031810796183
520 4118.670875614222
521 4064.8658134864577
522 4126.553616153432
523 4133.66929378702
524 4080.6707545224053
525 4055.6349130231215
526 4078.7418727238587
527 4112.952124743506
528 4114.8349939469845
529 4080.7658104296606
530 4068.5402909390978
531 4100.084229780781
532 4118.950190273753
533 4099.923610588199
534 4066.6637260818097
535 4097.478947283654
536 4087.8366264385772
537 4090.2674249720003
538 4116.182387149101
539 4084.7278640298164
540 4083.6940667814147
541 4083.4128573195076
542 4058.2492077462994
543 4089.3223272366786
544 4129.275091105413
545 4078.8418595676094
546 4054.553933018207
547 4111.500770230379
548 4075.866107229345
549 4103.038150023394
550 4109.4658489283365
551 4107.199559257543
552 4139.188680985452
553 4082.297249458586
554 4094.900161985123
555 4066.3026883969987
556 4127.440801358435
557 4108.094747699816
558 4076.3518910566677
559 4105.11424075365
560 4117.32064377467
561 4107.4810942737295
562 4091.0540132980273
563 4108.361550165511
564 4086.1516089722886
565 4054.0648712816374
566 4054.0152197916773
567 4124.755512068434
568 4100.792762799647
569 4084.1072969570014
570 4110.834899253693
571 4096.227184727296
572 4111.08951018232
573 4095.9431562095965
574 4082.8957776890356
575 4088.015309052774
576 4062.787338630754
577 4108.032156892398
578 4107.51517732392
579 4080.5027184291325
580 4080.5135551479466
581 4047.0344904519498
582 4080.2041451168348
583 4118.348917499036
584 4114.091550300473
585 4084.7703340512244
586 4085.643122852463
587 4112.646831748046
588 4135.926334185187
589 4109.231362942286
590 4061.9146510819933
591 4104.620556388954
592 4111.344013443413
593 4091.8681356258558
594 4098.019119615262
595 4105.302379583684
596 4108.671087118125
597 4072.9506196184116
598 4081.9593740784994
599 4039.8524304737325
600 4132.847799518307
601 4064.396912882533
602 4098.33429964015
603 4142.6841466578035
604 4114.146770618062
605 4082.5396907655936
606 4073.387918256269
607 4095.620631906925
608 4103.793416660491
609 4066.025908840535
610 4080.891112485443
611 4086.0752353114153
612 4062.5217648629696
613 4105.938496580132
614 4110.244896714892
615 4106.804266491345
616 4131.517712547737
617 4112.6585223633965
618 4104.888165359219
619 4053.3967572600063
620 4100.327006581275
621 4105.646251804828
622 4122.415492524024
623 4083.184179386389
624 4090.656600101168
625 4078.8891317721495
626 4082.0592565014035
627 4073.5223569034792
628 4054.879193888413
629 4078.7173052528274
630 4093.029907679368
631 4058.666929773888
632 4087.3579880447255
633 4092.867824096022
634 4082.459880039472
635 4089.0364372343365
636 4083.085379456486
637 4107.475191009095
638 4075.6304579860807
639 4092.015891397001
640 4087.0513901817963
641 4077.3954401172728
642 4131.061904393416
643 4101.843016907962
644 4086.8084914893066
645 4113.615356043493
646 4037.1471193954485
647 4082.573510985064
648 4133.896920408268
649 4117.829461467635
650 4087.2887157449477
651 4116.577603409821
652 4099.129704617608
653 4098.896843369589
654 4101.421379498123
655 4137.263050734471
656 4084.8004099783457
657 4126.587492318371
658 4078.9634497686197
659 4095.9445944124805
660 4076.8306100675454
661 4089.2607880438277
662 4098.879000564157
663 4087.4837813401014
664 4084.8887863305727
665 4124.668118173814
666 4084.7905757745043
667 4075.397954789728
668 4108.290463284061
669 4063.0199842526877
670 4061.33148185513
671 4077.353735717442
672 4090.1901238717746
673 4113.407987701039
674 4077.195005798022
675 4095.2711464677236
676 4065.7620929123177
677 4081.1277737834735
678 4075.0408811496163
679 4118.01071021122
680 4121.266285229167
681 4096.077117950285
682 4091.4267678706706
683 4098.071606576093
684 4089.082374898053
685 4103.524544294791
686 4056.3083579861445
687 4092.925597127499
688 4074.422042621919
689 4081.6723219919563
690 4052.871351301087
691 4076.843370830321
692 4083.507211745936
693 4052.898054827949
694 4076.71500861452
695 4108.132357393948
696 4095.5066911862905
697 4089.567831007004
698 4072.33517837152
699 4119.075268852477
700 4062.9197139377325
701 4100.844966924966
702 4066.512843655938
703 4081.8837236240843
704 4023.48011479907
705 4099.979055002682
706 4070.2210289438626
707 4089.435025397832
708 4077.19707306971
709 4111.345692412313
710 4056.0104195199124
711 4106.4485991354
712 4055.66618356777
713 4081.0754851574998
714 4020.3996195573095
715 4055.381469249527
716 4009.937752484581
717 4068.353355025198
718 4070.385412098934
719 4056.392703809992
720 4105.424234823236
721 4099.5622993196375
722 4061.2891027699598
723 4022.8899732836944
724 4071.494347524904
725 4070.9644394801803
726 4067.3005006760977
727 4027.5141589676423
728 4070.652383375283
729 4106.515878226027
730 4016.3593296454396
731 4055.449617160203
732 4107.4120592284935
733 4077.335687327008
734 4056.8130346911266
735 4044.9459565052107
736 4042.100462864842
737 4088.5333679870673
738 4092.3824023674756
739 4111.991693354067
740 4092.411572433819
741 4098.3582540024245
742 4079.4990368476947
743 4064.878072747831
744 4086.547180871355
745 4087.6392008553785
746 4090.878176349489
747 4108.382600079483
748 4065.7893883850115
749 4070.161884117163
750 4101.879839747505
751 4055.450319000833
752 4101.038850792122
753 4053.1354508021705
754 4072.16480077417
755 4072.75807914253
756 4086.90170119695
757 4087.866167122345
758 4104.788336120975
759 4070.520596641762
760 4108.415029259607
761 4079.09816064843
762 4114.56474756319
763 4088.2809847824155
764 4087.8760750113033
765 4079.432531069965
766 4056.274653762447
767 4088.8501630748315
768 4053.806953847899
769 4099.084004007694
770 4098.827179914085
771 4082.842496438936
772 4048.2906772133465
773 4096.023848170634
774 4087.643355091417
775 4043.509808678165
776 4075.45656574016
777 4035.846205022353
778 4067.736526976987
779 4103.32457585454
780 4084.7826644801576
781 4079.9469455629837
782 4024.013714423572
783 4057.3390388613802
784 4102.393752720219
785 4050.4244002267865
786 4055.6686007320836
787 4048.866407145213
788 4038.542007209111
789 4025.8324189587647
790 4093.6264095514616
791 4059.424768715234
792 4060.89346168759
793 4065.2909160480167
794 4057.8839323218976
795 4068.130509648524
796 4035.600390048431
797 4035.791183972592
798 4064.8960634230616
799 4005.736113679517
0 1090.7510622057566
1 1782.9339113584635
2 3793.7910458951387
3 4181.868659516974
4 4210.600326369726
5 4161.010051748618
6 4166.343802273735
7 4121.73101032594
8 4226.304083274148
9 4221.52495108515
10 4261.498031145341
11 4247.553632000579
12 4219.57398830378
13 4259.265772573173
14 4228.914947123966
15 4242.223322018839
16 4258.352994406925
17 4324.5283037484205
18 4248.83188714071
19 4252.405227025873
20 4353.147668913404
21 4353.49824477168
22 4358.060987308612
23 4332.604955024277
24 4361.108502218204
25 4369.258158631793
26 4337.960834393463
27 4352.734785746296
28 4356.970601105929
29 4369.583472050839
30 4362.209879114339
31 4372.421987609907
32 4346.921924354883
33 4353.3843223586555
34 4362.454422326289
35 4355.659810673454
36 4346.547149972181
37 4344.714470035425
38 4332.593923179236
39 4336.847544792419
40 4370.500713750088
41 4373.551360754284
42 4353.076697340809
43 4367.031852602944
44 4365.562403047292
45 4379.022029115066
46 4368.793880393013
47 4350.323943464951
48 4374.9772646186575
49 4348.405439430673
50 4375.391840077863
51 4379.721644935943
52 4361.9764300140205
53 4360.560397150887
54 4359.9147941873925
55 4380.966644481982
56 4372.320033641128
57 4361.5592902632825
58 4368.94137656293
59 4380.325776020854
60 4336.341901253071
61 4388.425850045573
62 4366.480357507998
63 4397.012234786657
64 4355.51591402923
65 4358.9421694555185
66 4349.559523679698
67 4373.378261366578
68 4354.439810434766
69 4353.768383390717
70 4356.5159810603545
71 4382.800780800905
72 4361.168386531693
73 4348.997190954532
74 4364.625598763169
75 4367.43214156428
76 4377.228944850143
77 4371.315041787066
78 4370.984112728903
79 4356.8195527095395
80 4365.041492272637
81 4359.376741505662
82 4377.196480238036
83 4377.168457135036
84 4375.133125327808
85 4355.112709825549
86 4374.117223208713
87 4362.165138236408
88 4367.338390866343
89 4361.535256834728
90 4364.202944862296
91 4376.569814848288
92 4375.34820791812
93 4379.214617976581
94 4369.227338798013
95 4364.470470968346
96 4378.852688104873
97 4346.391453033834
98 4363.154813827237
99 4379.092442561545
100 4350.364308978904
101 4361.619342311138
102 4362.307223774134
103 4364.325926098367
104 4371.7862304244245
105 4363.725487341766
106 4351.734377071532
107 4374.563005837618
108 4361.270616702909
109 4370.598393265368
110 4365.265278872989
111 4374.171283893853
112 4361.481652916822
113 4364.670260861895
114 4353.1782422174
115 4381.23805554494
116 4371.813793182129
117 4371.525327565398
118 4362.945552568896
119 4360.108047016092
120 4373.5958017762805
121 4359.652838949786
122 4389.1180867359435
123 4380.881352209089
124 4373.753345616076
125 4359.753885079731
126 4345.760643353952
127 4389.7862137706325
128 4375.309331003708
129 4359.591921354836
130 4377.446333579517
131 4372.326968812599
132 4361.930596531974
133 4377.47969292305
134 4358.4814258229135
135 4384.518215496189
136 4369.185360183403
137 4375.999073623536
138 4378.16335904118
139 4386.839667924846
140 4357.782752696619
141 4376.655071344514
142 4377.237350858758
143 4372.082005525737
144 4384.972678996488
145 4369.994987999476
146 4368.475342669902
147 4376.780143676971
148 4373.03056332881
149 4366.648136808857
150 4365.5615167174565
151 4379.3346796139695
152 4358.291590050047
153 4355.944752264221
154 4359.108829201288
155 4347.467098794537
156 4367.9433537616715
157 4371.993234971566
158 4372.574457264003
159 4357.353724238484
160 4370.84394838094
161 4374.647985033977
162 4368.644792050148
163 4353.381084547447
164 4372.9035497439345
165 4345.753812511179
166 4360.980988877137
167 4380.8507497510545
168 4360.636999599001
169 4379.755934076546
170 4375.995487906165
171 4380.530976978567
172 4367.92981681372
173 4372.475491781493
174 4376.720327944154
175 4358.625179487197
176 4361.885373453852
177 4370.293267080473
178 4371.360670617596
179 4371.502389608179
180 4342.1985354669105
181 4373.660603010358
182 4365.647489414923
183 4378.921180984049
184 4375.326076506587
185 4361.780117214802
186 4368.370585609467
187 4366.023145256632
188 4357.725895436816
189 4361.077674953744
190 4377.210692385683
191 4359.9949103965355
192 4364.769496891069
193 4344.334507222959
194 4375.785809813189
195 4356.689285553574
196 4377.803533865968
197 4363.789257785225
198 4368.148470823587
199 4371.615771550155
200 4378.974013648156
201 4357.90843929762
202 4359.020981207997
203 4375.227682345858
204 4357.526761651006
205 4383.856996537635
206 4375.540276948315
207 4366.197867899533
208 4359.345081127353
209 4393.3892579430785
210 4378.564745351612
211 4351.130214795847
212 4368.541026548349
213 4370.804290582342
214 4356.430125711463
215 4367.043957244557
216 4369.333097506432
217 4365.4376912874
218 4376.009507118782
219 4346.560433776904
220 4373.191364529183
221 4367.032729565511
222 4371.493711552527
223 4370.71028662249
224 4373.367926514159
225 4366.16072785923
226 4382.693209941681
227 4362.961134098081
228 4377.6379050849155
229 4374.440182375841
230 4365.014350797703
231 4381.251460259714
232 4351.712759064568
233 4364.839099245574
234 4379.674639228733
235 4381.943636500492
236 4377.576532375978
237 4374.639082298777
238 4359.841777361936
239 4372.096091450831
240 4371.3188387767805
241 4376.950743290946
242 4377.42120633689
243 4372.858296537269
244 4375.427901521287
245 4352.613317774884
246 4366.511151198003
247 4353.283269685194
248 4367.781788748595
249 4367.0996780846435
250 4370.646690924921
251 4380.539641845571
252 4378.2152465962945
253 4361.106660209753
254 4368.308766940778
255 4370.626633060148
256 4362.582481842715
257 4361.972285654244
258 4385.515494924808
259 4377.227849056162
260 4368.945552701776
261 4362.728677022088
262 4356.026330909047
263 4372.19319693698
264 4365.054193619212
265 4368.514508601336
266 4380.567368808249
267 4372.315739969168
268 4378.3604729615145
269 4362.464729922768
270 4374.0595275340875
271 4375.210121559967
272 4366.573004443189
273 4377.71409523075
274 4371.581200049171
275 4365.431179450005
276 4372.9338360217525
277 4380.472222702333
278 4353.61605650062
279 4367.647710497827
280 4366.509040737353
281 4363.438431963881
282 4381.929208625471
283 4376.5750524891455
284 4370.719464030999
285 4365.699159059813
286 4372.409379599584
287 4361.217910093937
288 4370.8255449950075
289 4367.297284975667
290 4370.645923606157
291 4387.174475530545
292 4375.073073174855
293 4346.8177232009975
294 4379.306616323911
295 4372.241834600765
296 4357.881087099203
297 4373.114704492911
298 4379.728407654727
299 4380.657177877004
300 4372.42317136078
301 4354.966111469473
302 4389.633706308609
303 4356.807908295945
304 4383.7824289522605
305 4369.302027749166
306 4366.224120172353
307 4378.232782040387
308 4369.78047747848
309 4371.7464482886835
310 4375.0000836179315
311 4352.057471258291
312 4353.535325878047
313 4383.415830975751
314 4373.591012272737
315 4366.845702129497
316 4381.685648863313
317 4372.546430514475
318 4368.773902007584
319 4382.609074138758
320 4370.553822352054
321 4373.388558079665
322 4380.676940259984
323 4375.403660532395
324 4361.731891354698
325 4364.729740284452
326 4383.784576890801
327 4385.051763748073
328 4368.572019093251
329 4381.530812978914
330 4369.944351028914
331 4366.499569865275
332 4356.283711809935
333 4360.3405065557145
334 4368.078497044507
335 4376.212948038672
336 4368.870952721535
337 4369.823648481409
338 4363.169774148807
339 4363.1678053451205
340 4366.098447111771
341 4358.4690786686415
342 4351.529159724996
343 4380.705645463126
344 4385.005850750661
345 4381.8878345971125
346 4372.230286379809
347 4372.703814338017
348 4370.807190938999
349 4340.992383969688
350 4380.288085852499
351 4363.529487506269
352 4350.167236935218
353 4378.028851585143
354 4382.098604998534
355 4360.899252439819
356 4372.0827006968
357 4377.362182864443
358 4363.051047131391
359 4347.494840939437
360 4368.847777422784
361 4367.7553563388465
362 4360.256429834998
363 4363.390106252238
364 4364.338910279451
365 4377.365080971968
366 4383.0877584243935
367 4382.8995061551
368 4354.301866905535
369 4384.91309531352
370 4384.677361938386
371 4366.083415143817
372 4363.348138437757
373 4373.489049453972
374 4371.381174642339
375 4372.36123339094
376 4380.791927269145
377 4366.666099620129
378 4378.598731345268
379 4368.894033201254
380 4350.5805949385
381 4361.299784517002
382 4357.859666122208
383 4339.873231457879
384 4365.533500041835
385 4366.113289997864
386 4392.444374901761
387 4373.050089987453
388 4369.197614286474
389 4363.988425129047
390 4373.947907759428
391 4358.312853013323
392 4381.749724871271
393 4374.318451779347
394 4371.890987062779
395 4358.699868857266
396 4367.231801466694
397 4361.333714645494
398 4360.8565025520575
399 4376.256874268338
400 4357.255176316929
401 4368.9767724544745
402 4371.402383583476
403 4363.188281991292
404 4381.958445420256
405 4374.495413265298
406 4370.702592148509
407 4377.000884746277
408 4380.0506549840275
409 4374.650126793704
410 4371.481781971042
411 4366.091590929175
412 4370.909001626608
413 4367.56924082361
414 4353.3129118117695
415 4359.324363516799
416 4358.8480220246
417 4364.552695506498
418 4361.57561249187
419 4349.564830617103
420 4354.142069373621
421 4365.816585885653
422 4380.5305488876065
423 4352.978908711204
424 4371.28484364956
425 4373.893013894602
426 4369.66805614922
427 4375.309411595178
428 4350.831084422754
429 4361.725046674461
430 4360.802752523436
431 4362.43980701937
432 4331.774928008391
433 4335.609945081856
434 4353.532146877831
435 4353.3957832279075
436 4357.204527803043
437 4353.096918456885
438 4359.932199911245
439 4348.964601071076
440 4359.286355434429
441 4359.406788237122
442 4344.743629568899
443 4352.775887054216
444 4355.138659490851
445 4361.77704050364
446 4344.729239768839
447 4361.641600595876
448 4364.252500403501
449 4343.753870375743
450 4357.050382336196
451 4348.558252657312
452 4354.629215984026
453 4366.3397412484255
454 4355.359910462755
455 4364.869034389332
456 4374.152570207413
457 4372.044172647122
458 4336.316892983457
459 4372.400471369545
460 4373.074613329237
461 4360.024258802873
462 4356.483058145076
463 4360.615530710154
464 4349.864444147722
465 4371.821631914373
466 4363.831630909533
467 4379.089503912306
468 4363.3012059786415
469 4338.134737129124
470 4360.829445401603
471 4358.308365721279
472 4369.893853549436
473 4355.465111883469
474 4355.163622986304
475 4364.35162931827
476 4379.817442177908
477 4352.065928777335
478 4342.522412299699
479 4382.3669460478195
480 4346.456541883655
481 4350.182571343077
482 4342.486195545475
483 4357.199234708572
484 4359.853538933122
485 4360.508945804951
486 4356.460430614937
487 4362.827952611803
488 4356.488192441929
489 4349.026575794386
490 4360.171029319711
491 4350.21326335158
492 4350.7746562692755
493 4358.886354450743
494 4349.564846647306
495 4359.172253197584
496 4373.652470627688
497 4351.324951677186
498 4340.207719421652
499 4357.836831915924
500 4359.803604353233
501 4367.383427112842
502 4362.987808541171
503 4363.961725498252
504 4352.737147221227
505 4354.137873681621
506 4363.124238354881
507 4361.950316997993
508 4337.479335851093
509 4357.887087390041
510 4354.979757488579
511 4337.726795434863
512 4367.975971127807
513 4360.166757581089
514 4373.795803510399
515 4366.107140038813
516 4344.088510025349
517 4368.962234824841
518 4360.034782943648
519 4355.866114247675
520 4355.215947374386
521 4354.212966508721
522 4359.804975074849
523 4382.028139158943
524 4351.589965957522
525 4339.945084935223
526 4374.1925263319
527 4352.708086001049
528 4358.356799692535
529 4355.203770833574
530 4358.914155860046
531 4358.153863665454
532 4352.079884281282
533 4363.6188557715095
534 4360.921315207459
535 4353.311315860382
536 4355.44878874245
537 4351.51836229358
538 4355.477152241761
539 4349.860202120952
540 4359.374727070371
541 4345.579613677304
542 4350.166870555941
543 4349.4362489354135
544 4361.122060481199
545 4364.731267956242
546 4355.665470927706
547 4358.391327100299
548 4340.790050557392
549 4345.716415784375
550 4356.389652619485
551 4377.82063712407
552 4375.795974692179
553 4366.59525538593
554 4363.079634198795
555 4357.0674634065535
556 4366.938148571087
557 4348.992949501918
558 4368.6943866433085
559 4354.467646088995
560 4367.854927257544
561 4368.069192183546
562 4343.02449748024
563 4369.173987949917
564 4359.319544344467
565 4337.752873337056
566 4348.288444320994
567 4372.843998625053
568 4368.776385718374
569 4364.433634452569
570 4367.745381737385
571 4356.454970726319
572 4370.453745563749
573 4357.334540196488
574 4358.148372267424
575 4372.667365886388
576 4356.303292341778
577 4356.8339195334465
578 4361.95546905384
579 4357.104225468569
580 4353.558995849327
581 4361.721436839225
582 4358.247257531356
583 4363.937366780185
584 4363.581701628897
585 4356.01260365324
586 4357.934148085773
587 4359.894667720375
588 4372.22452553901
589 4360.64543912113
590 4337.463023074218
591 4348.102938643573
592 4347.93631254698
593 4360.062968887024
594 4341.405850850368
595 4367.446458711556
596 4372.297828328411
597 4347.018978043478
598 4365.153545381429
599 4347.76274504779
600 4386.663906921143
601 4342.2545196358205
602 4345.178933531378
603 4371.605135407039
604 4361.032393098019
605 4350.230468997856
606 4356.389548832896
607 4345.998553868619
608 4381.919174496689
609 4345.270045548617
610 4349.018160813208
611 4366.105597349765
612 4346.142393093313
613 4354.778584405351
614 4376.3933051477725
615 4349.359951821436
616 4375.994059184849
617 4353.288890504077
618 4355.675695410874
619 4325.8101835247035
620 4351.647380009436
621 4359.734066015643
622 4372.299549532756
623 4363.055004102743
624 4375.60188274075
625 4360.370581912285
626 4367.533114351697
627 4363.463378498698
628 4359.485280978324
629 4351.073771462877
630 4358.201823184813
631 4359.733305118637
632 4350.196147642178
633 4346.915551479989
634 4357.542083718261
635 4339.976003264246
636 4355.783749882361
637 4364.47907120269
638 4347.3996008788345
639 4362.669525045375
640 4349.605107953093
641 4361.690002552396
642 4363.086081967594
643 4344.235281581985
644 4361.101313127967
645 4374.180133612026
646 4314.1183806890285
647 4367.926474771736
648 4361.21058167624
649 4368.82486016986
650 4376.0589258311675
651 4362.893047005845
652 4371.845372664834
653 4364.610174605461
654 4345.8290718692115
655 4372.5745254729045
656 4363.6113142188715
657 4367.8115151449365
658 4358.49162217069
659 4351.410475164664
660 4372.817137581385
661 4362.519357641995
662 4360.744850758773
663 4350.11801080427
664 4359.235503540399
665 4370.206705826851
666 4363.094112580908
667 4347.852251086834
668 4353.892542101912
669 4358.857794354838
670 4357.022857468548
671 4367.027688604137
672 4349.73948154278
673 4356.632883508789
674 4366.395287898174
675 4366.784096751378
676 4362.140389539454
677 4362.8296510671225
678 4337.2027342837055
679 4368.578880153454
680 4369.130293527874
681 4361.991764741669
682 4377.499884124627
683 4358.981914804934
684 4348.214676727729
685 4355.591753206033
686 4339.934205224841
687 4372.319020977417
688 4358.887341685669
689 4355.291738018044
690 4364.651440565921
691 4342.172917826535
692 4371.0705691762305
693 4365.044927216022
694 4375.685910355283
695 4357.436441438025
696 4360.909858405291
697 4357.182438104905
698 4366.99550074147
699 4362.634108471712
700 4348.5594319273505
701 4371.693116943315
702 4358.177693376973
703 4359.405138648826
704 4363.521912247786
705 4369.643579799362
706 4360.775773618903
707 4360.0323058799295
708 4366.848971431278
709 4353.157116045843
710 4377.795790403963
711 4370.620392539503
712 4348.662333205079
713 4354.952134828603
714 4362.045344887149
715 4345.044306245722
716 4339.607027925779
717 4371.684045338646
718 4353.846862522675
719 4378.638998776865
720 4349.425729380318
721 4371.695909149261
722 4356.158402914795
723 4345.093240696542
724 4370.260260175257
725 4365.365266544613
726 4368.713651872547
727 4363.20930655462
728 4346.825921225285
729 4358.282246093282
730 4353.294321468222
731 4353.4766462722855
732 4372.687745970528
733 4371.2201158950065
734 4350.975251652948
735 4334.983766745564
736 4364.0186797786555
737 4351.185108921194
738 4357.711682160398
739 4367.031680637375
740 4346.05333247158
741 4372.382364516121
742 4346.0860557266
743 4369.729762810079
744 4351.873748575401
745 4339.8283945858275
746 4345.437732327794
747 4377.586838490291
748 4359.376922333901
749 4355.218497492846
750 4363.392768066376
751 4357.984056694109
752 4375.739273375701
753 4370.213032560456
754 4353.67955426186
755 4357.934058400615
756 4353.363333323655
757 4349.212730203778
758 4353.3456989190645
759 4337.863846327993
760 4354.957173369491
761 4364.132905563946
762 4370.122389604866
763 4346.1106890228575
764 4384.422292461931
765 4354.393111837318
766 4344.579735528676
767 4352.166475210538
768 4337.1146391109405
769 4356.019001797635
770 4334.5331693867865
771 4364.482596347729
772 4360.879156886636
773 4337.560669600144
774 4362.083023827335
775 4348.626638013981
776 4354.124437435427
777 4346.677665573107
778 4353.8636697958445
779 4360.981383757742
780 4376.036123892055
781 4368.597649858707
782 4340.660429478919
783 4350.68672314669
784 4370.384942173955
785 4339.030207917024
786 4358.594468848959
787 4347.6557238197365
788 4354.4015273273035
789 4339.559470372692
790 4363.776628882095
791 4367.806291902403
792 4349.986632590869
793 4357.4401220996215
794 4358.309915711087
795 4369.521013482207
796 4351.564939736799
797 4379.58602760649
798 4373.529125107832
799 4371.543703798919
